 PDE 2013 10 31 12 02 08.70   23.5900  121.4400  10.0 6.3 6.3 TAIWAN
event name:   C201310311202A
time shift:           4.2000
half duration:        3.4000
latitude:            23.6400
longitude:          121.3900
depth:               19.9000
Mrr:            2.030000E+25
Mtt:           -1.590000E+25
Mpp:           -4.450000E+24
Mrt:            1.280000E+25
Mrp:           -1.820000E+25
Mtp:           -1.920000E+25

 PDE 2013 07 21 23 45 56.70   34.5100  104.2600   8.0 6.0 6.2 GANSU, CHINA
event name:   C201307212345A
time shift:           2.0000
half duration:        2.4000
latitude:            34.6000
longitude:          104.3100
depth:               17.1000
Mrr:            6.130000E+24
Mtt:            4.410000E+24
Mpp:           -1.050000E+25
Mrt:           -4.690000E+24
Mrp:            2.000000E+23
Mtp:            6.870000E+24

 PDE 2012 09 07 04 16 30.50   27.5700  104.0100  10.0 5.3 5.3 YUNNAN, CHINA
event name:   C201209070416A
time shift:           2.8000
half duration:        1.1000
latitude:            27.4700
longitude:          104.1900
depth:               12.0000
Mrr:            4.640000E+23
Mtt:            5.530000E+23
Mpp:           -1.020000E+24
Mrt:           -3.810000E+23
Mrp:            2.980000E+23
Mtp:           -4.640000E+23

 PDE 2013 11 22 22 04 25.30   44.5900  124.1500  10.0 5.2 5.3 NORTHEASTERN CHINA
event name:   C201311222204A
time shift:           0.7000
half duration:        1.0000
latitude:            44.6500
longitude:          124.0600
depth:               12.0000
Mrr:            5.410000E+23
Mtt:            4.160000E+23
Mpp:           -9.570000E+23
Mrt:           -3.830000E+23
Mrp:           -2.680000E+23
Mtp:           -3.200000E+22

